# X Y Z
-5.0 -5.0 50.0
-4.655172413793103 -5.0 46.6706302021403
-4.310344827586206 -5.0 43.579072532699165
-3.9655172413793105 -5.0 40.725326991676575
-3.6206896551724137 -5.0 38.10939357907253
-3.275862068965517 -5.0 35.731272294887034
-2.9310344827586206 -5.0 33.59096313912009
-2.586206896551724 -5.0 31.6884661117717
-2.2413793103448274 -5.0 30.023781212841854
-1.8965517241379306 -5.0 28.59690844233056
-1.5517241379310343 -5.0 27.40784780023781
-1.206896551724138 -5.0 26.456599286563616
-0.8620689655172411 -5.0 25.743162901307965
-0.5172413793103443 -5.0 25.267538644470868
-0.1724137931034484 -5.0 25.029726516052317
0.1724137931034484 -5.0 25.029726516052317
0.5172413793103452 -5.0 25.267538644470868
0.862068965517242 -5.0 25.74316290130797
1.2068965517241388 -5.0 26.456599286563616
1.5517241379310347 -5.0 27.407847800237814
1.8965517241379315 -5.0 28.59690844233056
2.2413793103448283 -5.0 30.023781212841858
2.586206896551724 -5.0 31.6884661117717
2.931034482758621 -5.0 33.5909631391201
3.275862068965518 -5.0 35.73127229488704
3.6206896551724146 -5.0 38.10939357907254
3.9655172413793114 -5.0 40.72532699167658
4.310344827586208 -5.0 43.57907253269918
4.655172413793103 -5.0 46.6706302021403
5.0 -5.0 50.0

-5.0 -4.655172413793103 46.6706302021403
-4.655172413793103 -4.655172413793103 43.34126040428061
-4.310344827586206 -4.655172413793103 40.249702734839474
-3.9655172413793105 -4.655172413793103 37.39595719381688
-3.6206896551724137 -4.655172413793103 34.78002378121284
-3.275862068965517 -4.655172413793103 32.40190249702734
-2.9310344827586206 -4.655172413793103 30.2615933412604
-2.586206896551724 -4.655172413793103 28.359096313912005
-2.2413793103448274 -4.655172413793103 26.69441141498216
-1.8965517241379306 -4.655172413793103 25.26753864447086
-1.5517241379310343 -4.655172413793103 24.078478002378116
-1.206896551724138 -4.655172413793103 23.12722948870392
-0.8620689655172411 -4.655172413793103 22.41379310344827
-0.5172413793103443 -4.655172413793103 21.938168846611173
-0.1724137931034484 -4.655172413793103 21.700356718192623
0.1724137931034484 -4.655172413793103 21.700356718192623
0.5172413793103452 -4.655172413793103 21.938168846611173
0.862068965517242 -4.655172413793103 22.413793103448274
1.2068965517241388 -4.655172413793103 23.12722948870392
1.5517241379310347 -4.655172413793103 24.07847800237812
1.8965517241379315 -4.655172413793103 25.267538644470868
2.2413793103448283 -4.655172413793103 26.694411414982163
2.586206896551724 -4.655172413793103 28.359096313912005
2.931034482758621 -4.655172413793103 30.2615933412604
3.275862068965518 -4.655172413793103 32.40190249702735
3.6206896551724146 -4.655172413793103 34.78002378121285
3.9655172413793114 -4.655172413793103 37.39595719381689
4.310344827586208 -4.655172413793103 40.24970273483949
4.655172413793103 -4.655172413793103 43.34126040428061
5.0 -4.655172413793103 46.6706302021403

-5.0 -4.310344827586206 43.579072532699165
-4.655172413793103 -4.310344827586206 40.249702734839474
-4.310344827586206 -4.310344827586206 37.15814506539833
-3.9655172413793105 -4.310344827586206 34.30439952437574
-3.6206896551724137 -4.310344827586206 31.688466111771696
-3.275862068965517 -4.310344827586206 29.3103448275862
-2.9310344827586206 -4.310344827586206 27.170035671819257
-2.586206896551724 -4.310344827586206 25.267538644470864
-2.2413793103448274 -4.310344827586206 23.60285374554102
-1.8965517241379306 -4.310344827586206 22.175980975029724
-1.5517241379310343 -4.310344827586206 20.986920332936975
-1.206896551724138 -4.310344827586206 20.03567181926278
-0.8620689655172411 -4.310344827586206 19.32223543400713
-0.5172413793103443 -4.310344827586206 18.846611177170033
-0.1724137931034484 -4.310344827586206 18.608799048751482
0.1724137931034484 -4.310344827586206 18.608799048751482
0.5172413793103452 -4.310344827586206 18.846611177170033
0.862068965517242 -4.310344827586206 19.322235434007133
1.2068965517241388 -4.310344827586206 20.03567181926278
1.5517241379310347 -4.310344827586206 20.98692033293698
1.8965517241379315 -4.310344827586206 22.175980975029724
2.2413793103448283 -4.310344827586206 23.602853745541022
2.586206896551724 -4.310344827586206 25.267538644470864
2.931034482758621 -4.310344827586206 27.170035671819264
3.275862068965518 -4.310344827586206 29.310344827586206
3.6206896551724146 -4.310344827586206 31.688466111771703
3.9655172413793114 -4.310344827586206 34.30439952437575
4.310344827586208 -4.310344827586206 37.158145065398344
4.655172413793103 -4.310344827586206 40.249702734839474
5.0 -4.310344827586206 43.579072532699165

-5.0 -3.9655172413793105 40.725326991676575
-4.655172413793103 -3.9655172413793105 37.39595719381688
-4.310344827586206 -3.9655172413793105 34.30439952437574
-3.9655172413793105 -3.9655172413793105 31.450653983353153
-3.6206896551724137 -3.9655172413793105 28.83472057074911
-3.275862068965517 -3.9655172413793105 26.456599286563613
-2.9310344827586206 -3.9655172413793105 24.31629013079667
-2.586206896551724 -3.9655172413793105 22.413793103448278
-2.2413793103448274 -3.9655172413793105 20.74910820451843
-1.8965517241379306 -3.9655172413793105 19.322235434007133
-1.5517241379310343 -3.9655172413793105 18.13317479191439
-1.206896551724138 -3.9655172413793105 17.18192627824019
-0.8620689655172411 -3.9655172413793105 16.468489892984543
-0.5172413793103443 -3.9655172413793105 15.992865636147444
-0.1724137931034484 -3.9655172413793105 15.755053507728896
0.1724137931034484 -3.9655172413793105 15.755053507728896
0.5172413793103452 -3.9655172413793105 15.992865636147444
0.862068965517242 -3.9655172413793105 16.468489892984543
1.2068965517241388 -3.9655172413793105 17.181926278240194
1.5517241379310347 -3.9655172413793105 18.13317479191439
1.8965517241379315 -3.9655172413793105 19.322235434007137
2.2413793103448283 -3.9655172413793105 20.749108204518436
2.586206896551724 -3.9655172413793105 22.413793103448278
2.931034482758621 -3.9655172413793105 24.316290130796673
3.275862068965518 -3.9655172413793105 26.45659928656362
3.6206896551724146 -3.9655172413793105 28.834720570749113
3.9655172413793114 -3.9655172413793105 31.45065398335316
4.310344827586208 -3.9655172413793105 34.304399524375754
4.655172413793103 -3.9655172413793105 37.39595719381688
5.0 -3.9655172413793105 40.725326991676575

-5.0 -3.6206896551724137 38.10939357907253
-4.655172413793103 -3.6206896551724137 34.78002378121284
-4.310344827586206 -3.6206896551724137 31.688466111771696
-3.9655172413793105 -3.6206896551724137 28.83472057074911
-3.6206896551724137 -3.6206896551724137 26.218787158145066
-3.275862068965517 -3.6206896551724137 23.84066587395957
-2.9310344827586206 -3.6206896551724137 21.700356718192626
-2.586206896551724 -3.6206896551724137 19.797859690844234
-2.2413793103448274 -3.6206896551724137 18.133174791914385
-1.8965517241379306 -3.6206896551724137 16.70630202140309
-1.5517241379310343 -3.6206896551724137 15.517241379310345
-1.206896551724138 -3.6206896551724137 14.565992865636147
-0.8620689655172411 -3.6206896551724137 13.8525564803805
-0.5172413793103443 -3.6206896551724137 13.3769322235434
-0.1724137931034484 -3.6206896551724137 13.139120095124852
0.1724137931034484 -3.6206896551724137 13.139120095124852
0.5172413793103452 -3.6206896551724137 13.3769322235434
0.862068965517242 -3.6206896551724137 13.852556480380501
1.2068965517241388 -3.6206896551724137 14.565992865636149
1.5517241379310347 -3.6206896551724137 15.517241379310345
1.8965517241379315 -3.6206896551724137 16.706302021403094
2.2413793103448283 -3.6206896551724137 18.133174791914392
2.586206896551724 -3.6206896551724137 19.797859690844234
2.931034482758621 -3.6206896551724137 21.70035671819263
3.275862068965518 -3.6206896551724137 23.840665873959576
3.6206896551724146 -3.6206896551724137 26.21878715814507
3.9655172413793114 -3.6206896551724137 28.834720570749116
4.310344827586208 -3.6206896551724137 31.68846611177171
4.655172413793103 -3.6206896551724137 34.78002378121284
5.0 -3.6206896551724137 38.10939357907253

-5.0 -3.275862068965517 35.731272294887034
-4.655172413793103 -3.275862068965517 32.40190249702734
-4.310344827586206 -3.275862068965517 29.3103448275862
-3.9655172413793105 -3.275862068965517 26.456599286563613
-3.6206896551724137 -3.275862068965517 23.84066587395957
-3.275862068965517 -3.275862068965517 21.462544589774073
-2.9310344827586206 -3.275862068965517 19.32223543400713
-2.586206896551724 -3.275862068965517 17.419738406658738
-2.2413793103448274 -3.275862068965517 15.75505350772889
-1.8965517241379306 -3.275862068965517 14.328180737217593
-1.5517241379310343 -3.275862068965517 13.139120095124849
-1.206896551724138 -3.275862068965517 12.18787158145065
-0.8620689655172411 -3.275862068965517 11.474435196195003
-0.5172413793103443 -3.275862068965517 10.998810939357904
-0.1724137931034484 -3.275862068965517 10.760998810939356
0.1724137931034484 -3.275862068965517 10.760998810939356
0.5172413793103452 -3.275862068965517 10.998810939357904
0.862068965517242 -3.275862068965517 11.474435196195005
1.2068965517241388 -3.275862068965517 12.187871581450652
1.5517241379310347 -3.275862068965517 13.139120095124849
1.8965517241379315 -3.275862068965517 14.328180737217597
2.2413793103448283 -3.275862068965517 15.755053507728896
2.586206896551724 -3.275862068965517 17.419738406658738
2.931034482758621 -3.275862068965517 19.322235434007133
3.275862068965518 -3.275862068965517 21.46254458977408
3.6206896551724146 -3.275862068965517 23.840665873959573
3.9655172413793114 -3.275862068965517 26.45659928656362
4.310344827586208 -3.275862068965517 29.310344827586214
4.655172413793103 -3.275862068965517 32.40190249702734
5.0 -3.275862068965517 35.731272294887034

-5.0 -2.9310344827586206 33.59096313912009
-4.655172413793103 -2.9310344827586206 30.2615933412604
-4.310344827586206 -2.9310344827586206 27.170035671819257
-3.9655172413793105 -2.9310344827586206 24.31629013079667
-3.6206896551724137 -2.9310344827586206 21.700356718192626
-3.275862068965517 -2.9310344827586206 19.32223543400713
-2.9310344827586206 -2.9310344827586206 17.181926278240187
-2.586206896551724 -2.9310344827586206 15.279429250891795
-2.2413793103448274 -2.9310344827586206 13.614744351961948
-1.8965517241379306 -2.9310344827586206 12.18787158145065
-1.5517241379310343 -2.9310344827586206 10.998810939357906
-1.206896551724138 -2.9310344827586206 10.047562425683708
-0.8620689655172411 -2.9310344827586206 9.33412604042806
-0.5172413793103443 -2.9310344827586206 8.858501783590961
-0.1724137931034484 -2.9310344827586206 8.620689655172413
0.1724137931034484 -2.9310344827586206 8.620689655172413
0.5172413793103452 -2.9310344827586206 8.858501783590961
0.862068965517242 -2.9310344827586206 9.334126040428062
1.2068965517241388 -2.9310344827586206 10.04756242568371
1.5517241379310347 -2.9310344827586206 10.998810939357906
1.8965517241379315 -2.9310344827586206 12.187871581450654
2.2413793103448283 -2.9310344827586206 13.614744351961953
2.586206896551724 -2.9310344827586206 15.279429250891795
2.931034482758621 -2.9310344827586206 17.18192627824019
3.275862068965518 -2.9310344827586206 19.322235434007137
3.6206896551724146 -2.9310344827586206 21.70035671819263
3.9655172413793114 -2.9310344827586206 24.316290130796677
4.310344827586208 -2.9310344827586206 27.17003567181927
4.655172413793103 -2.9310344827586206 30.2615933412604
5.0 -2.9310344827586206 33.59096313912009

-5.0 -2.586206896551724 31.6884661117717
-4.655172413793103 -2.586206896551724 28.359096313912005
-4.310344827586206 -2.586206896551724 25.267538644470864
-3.9655172413793105 -2.586206896551724 22.413793103448278
-3.6206896551724137 -2.586206896551724 19.797859690844234
-3.275862068965517 -2.586206896551724 17.419738406658738
-2.9310344827586206 -2.586206896551724 15.279429250891795
-2.586206896551724 -2.586206896551724 13.3769322235434
-2.2413793103448274 -2.586206896551724 11.712247324613553
-1.8965517241379306 -2.586206896551724 10.285374554102258
-1.5517241379310343 -2.586206896551724 9.096313912009512
-1.206896551724138 -2.586206896551724 8.145065398335316
-0.8620689655172411 -2.586206896551724 7.431629013079666
-0.5172413793103443 -2.586206896551724 6.956004756242568
-0.1724137931034484 -2.586206896551724 6.718192627824019
0.1724137931034484 -2.586206896551724 6.718192627824019
0.5172413793103452 -2.586206896551724 6.956004756242569
0.862068965517242 -2.586206896551724 7.431629013079668
1.2068965517241388 -2.586206896551724 8.145065398335317
1.5517241379310347 -2.586206896551724 9.096313912009514
1.8965517241379315 -2.586206896551724 10.285374554102262
2.2413793103448283 -2.586206896551724 11.712247324613559
2.586206896551724 -2.586206896551724 13.3769322235434
2.931034482758621 -2.586206896551724 15.279429250891798
3.275862068965518 -2.586206896551724 17.419738406658745
3.6206896551724146 -2.586206896551724 19.797859690844238
3.9655172413793114 -2.586206896551724 22.413793103448285
4.310344827586208 -2.586206896551724 25.26753864447088
4.655172413793103 -2.586206896551724 28.359096313912005
5.0 -2.586206896551724 31.6884661117717

-5.0 -2.2413793103448274 30.023781212841854
-4.655172413793103 -2.2413793103448274 26.69441141498216
-4.310344827586206 -2.2413793103448274 23.60285374554102
-3.9655172413793105 -2.2413793103448274 20.74910820451843
-3.6206896551724137 -2.2413793103448274 18.133174791914385
-3.275862068965517 -2.2413793103448274 15.75505350772889
-2.9310344827586206 -2.2413793103448274 13.614744351961948
-2.586206896551724 -2.2413793103448274 11.712247324613553
-2.2413793103448274 -2.2413793103448274 10.047562425683708
-1.8965517241379306 -2.2413793103448274 8.620689655172411
-1.5517241379310343 -2.2413793103448274 7.431629013079665
-1.206896551724138 -2.2413793103448274 6.480380499405468
-0.8620689655172411 -2.2413793103448274 5.76694411414982
-0.5172413793103443 -2.2413793103448274 5.291319857312722
-0.1724137931034484 -2.2413793103448274 5.053507728894172
0.1724137931034484 -2.2413793103448274 5.053507728894172
0.5172413793103452 -2.2413793103448274 5.291319857312723
0.862068965517242 -2.2413793103448274 5.766944114149822
1.2068965517241388 -2.2413793103448274 6.480380499405471
1.5517241379310347 -2.2413793103448274 7.431629013079666
1.8965517241379315 -2.2413793103448274 8.620689655172415
2.2413793103448283 -2.2413793103448274 10.047562425683711
2.586206896551724 -2.2413793103448274 11.712247324613553
2.931034482758621 -2.2413793103448274 13.614744351961951
3.275862068965518 -2.2413793103448274 15.755053507728897
3.6206896551724146 -2.2413793103448274 18.133174791914392
3.9655172413793114 -2.2413793103448274 20.749108204518436
4.310344827586208 -2.2413793103448274 23.602853745541033
4.655172413793103 -2.2413793103448274 26.69441141498216
5.0 -2.2413793103448274 30.023781212841854

-5.0 -1.8965517241379306 28.59690844233056
-4.655172413793103 -1.8965517241379306 25.26753864447086
-4.310344827586206 -1.8965517241379306 22.175980975029724
-3.9655172413793105 -1.8965517241379306 19.322235434007133
-3.6206896551724137 -1.8965517241379306 16.70630202140309
-3.275862068965517 -1.8965517241379306 14.328180737217593
-2.9310344827586206 -1.8965517241379306 12.18787158145065
-2.586206896551724 -1.8965517241379306 10.285374554102258
-2.2413793103448274 -1.8965517241379306 8.620689655172411
-1.8965517241379306 -1.8965517241379306 7.193816884661114
-1.5517241379310343 -1.8965517241379306 6.0047562425683685
-1.206896551724138 -1.8965517241379306 5.053507728894171
-0.8620689655172411 -1.8965517241379306 4.340071343638523
-0.5172413793103443 -1.8965517241379306 3.8644470868014245
-0.1724137931034484 -1.8965517241379306 3.626634958382876
0.1724137931034484 -1.8965517241379306 3.626634958382876
0.5172413793103452 -1.8965517241379306 3.8644470868014253
0.862068965517242 -1.8965517241379306 4.340071343638525
1.2068965517241388 -1.8965517241379306 5.053507728894174
1.5517241379310347 -1.8965517241379306 6.004756242568369
1.8965517241379315 -1.8965517241379306 7.193816884661118
2.2413793103448283 -1.8965517241379306 8.620689655172416
2.586206896551724 -1.8965517241379306 10.285374554102258
2.931034482758621 -1.8965517241379306 12.187871581450654
3.275862068965518 -1.8965517241379306 14.3281807372176
3.6206896551724146 -1.8965517241379306 16.706302021403097
3.9655172413793114 -1.8965517241379306 19.32223543400714
4.310344827586208 -1.8965517241379306 22.175980975029738
4.655172413793103 -1.8965517241379306 25.26753864447086
5.0 -1.8965517241379306 28.59690844233056

-5.0 -1.5517241379310343 27.40784780023781
-4.655172413793103 -1.5517241379310343 24.078478002378116
-4.310344827586206 -1.5517241379310343 20.986920332936975
-3.9655172413793105 -1.5517241379310343 18.13317479191439
-3.6206896551724137 -1.5517241379310343 15.517241379310345
-3.275862068965517 -1.5517241379310343 13.139120095124849
-2.9310344827586206 -1.5517241379310343 10.998810939357906
-2.586206896551724 -1.5517241379310343 9.096313912009512
-2.2413793103448274 -1.5517241379310343 7.431629013079665
-1.8965517241379306 -1.5517241379310343 6.0047562425683685
-1.5517241379310343 -1.5517241379310343 4.815695600475623
-1.206896551724138 -1.5517241379310343 3.864447086801426
-0.8620689655172411 -1.5517241379310343 3.151010701545778
-0.5172413793103443 -1.5517241379310343 2.675386444708679
-0.1724137931034484 -1.5517241379310343 2.43757431629013
0.1724137931034484 -1.5517241379310343 2.43757431629013
0.5172413793103452 -1.5517241379310343 2.6753864447086797
0.862068965517242 -1.5517241379310343 3.151010701545779
1.2068965517241388 -1.5517241379310343 3.8644470868014285
1.5517241379310347 -1.5517241379310343 4.815695600475625
1.8965517241379315 -1.5517241379310343 6.004756242568372
2.2413793103448283 -1.5517241379310343 7.43162901307967
2.586206896551724 -1.5517241379310343 9.096313912009512
2.931034482758621 -1.5517241379310343 10.99881093935791
3.275862068965518 -1.5517241379310343 13.139120095124856
3.6206896551724146 -1.5517241379310343 15.517241379310349
3.9655172413793114 -1.5517241379310343 18.133174791914396
4.310344827586208 -1.5517241379310343 20.98692033293699
4.655172413793103 -1.5517241379310343 24.078478002378116
5.0 -1.5517241379310343 27.40784780023781

-5.0 -1.206896551724138 26.456599286563616
-4.655172413793103 -1.206896551724138 23.12722948870392
-4.310344827586206 -1.206896551724138 20.03567181926278
-3.9655172413793105 -1.206896551724138 17.18192627824019
-3.6206896551724137 -1.206896551724138 14.565992865636147
-3.275862068965517 -1.206896551724138 12.18787158145065
-2.9310344827586206 -1.206896551724138 10.047562425683708
-2.586206896551724 -1.206896551724138 8.145065398335316
-2.2413793103448274 -1.206896551724138 6.480380499405468
-1.8965517241379306 -1.206896551724138 5.053507728894171
-1.5517241379310343 -1.206896551724138 3.864447086801426
-1.206896551724138 -1.206896551724138 2.913198573127229
-0.8620689655172411 -1.206896551724138 2.1997621878715807
-0.5172413793103443 -1.206896551724138 1.724137931034482
-0.1724137931034484 -1.206896551724138 1.4863258026159334
0.1724137931034484 -1.206896551724138 1.4863258026159334
0.5172413793103452 -1.206896551724138 1.724137931034483
0.862068965517242 -1.206896551724138 2.1997621878715825
1.2068965517241388 -1.206896551724138 2.9131985731272314
1.5517241379310347 -1.206896551724138 3.8644470868014276
1.8965517241379315 -1.206896551724138 5.053507728894175
2.2413793103448283 -1.206896551724138 6.480380499405473
2.586206896551724 -1.206896551724138 8.145065398335316
2.931034482758621 -1.206896551724138 10.047562425683711
3.275862068965518 -1.206896551724138 12.187871581450658
3.6206896551724146 -1.206896551724138 14.565992865636153
3.9655172413793114 -1.206896551724138 17.181926278240198
4.310344827586208 -1.206896551724138 20.035671819262795
4.655172413793103 -1.206896551724138 23.12722948870392
5.0 -1.206896551724138 26.456599286563616

-5.0 -0.8620689655172411 25.743162901307965
-4.655172413793103 -0.8620689655172411 22.41379310344827
-4.310344827586206 -0.8620689655172411 19.32223543400713
-3.9655172413793105 -0.8620689655172411 16.468489892984543
-3.6206896551724137 -0.8620689655172411 13.8525564803805
-3.275862068965517 -0.8620689655172411 11.474435196195003
-2.9310344827586206 -0.8620689655172411 9.33412604042806
-2.586206896551724 -0.8620689655172411 7.431629013079666
-2.2413793103448274 -0.8620689655172411 5.76694411414982
-1.8965517241379306 -0.8620689655172411 4.340071343638523
-1.5517241379310343 -0.8620689655172411 3.151010701545778
-1.206896551724138 -0.8620689655172411 2.1997621878715807
-0.8620689655172411 -0.8620689655172411 1.4863258026159325
-0.5172413793103443 -0.8620689655172411 1.0107015457788338
-0.1724137931034484 -0.8620689655172411 0.7728894173602849
0.1724137931034484 -0.8620689655172411 0.7728894173602849
0.5172413793103452 -0.8620689655172411 1.0107015457788346
0.862068965517242 -0.8620689655172411 1.486325802615934
1.2068965517241388 -0.8620689655172411 2.199762187871583
1.5517241379310347 -0.8620689655172411 3.151010701545779
1.8965517241379315 -0.8620689655172411 4.3400713436385265
2.2413793103448283 -0.8620689655172411 5.766944114149824
2.586206896551724 -0.8620689655172411 7.431629013079666
2.931034482758621 -0.8620689655172411 9.334126040428064
3.275862068965518 -0.8620689655172411 11.47443519619501
3.6206896551724146 -0.8620689655172411 13.852556480380505
3.9655172413793114 -0.8620689655172411 16.46848989298455
4.310344827586208 -0.8620689655172411 19.322235434007144
4.655172413793103 -0.8620689655172411 22.41379310344827
5.0 -0.8620689655172411 25.743162901307965

-5.0 -0.5172413793103443 25.267538644470868
-4.655172413793103 -0.5172413793103443 21.938168846611173
-4.310344827586206 -0.5172413793103443 18.846611177170033
-3.9655172413793105 -0.5172413793103443 15.992865636147444
-3.6206896551724137 -0.5172413793103443 13.3769322235434
-3.275862068965517 -0.5172413793103443 10.998810939357904
-2.9310344827586206 -0.5172413793103443 8.858501783590961
-2.586206896551724 -0.5172413793103443 6.956004756242568
-2.2413793103448274 -0.5172413793103443 5.291319857312722
-1.8965517241379306 -0.5172413793103443 3.8644470868014245
-1.5517241379310343 -0.5172413793103443 2.675386444708679
-1.206896551724138 -0.5172413793103443 1.724137931034482
-0.8620689655172411 -0.5172413793103443 1.0107015457788338
-0.5172413793103443 -0.5172413793103443 0.5350772889417349
-0.1724137931034484 -0.5172413793103443 0.29726516052318613
0.1724137931034484 -0.5172413793103443 0.29726516052318613
0.5172413793103452 -0.5172413793103443 0.5350772889417359
0.862068965517242 -0.5172413793103443 1.0107015457788353
1.2068965517241388 -0.5172413793103443 1.7241379310344842
1.5517241379310347 -0.5172413793103443 2.67538644470868
1.8965517241379315 -0.5172413793103443 3.864447086801428
2.2413793103448283 -0.5172413793103443 5.291319857312726
2.586206896551724 -0.5172413793103443 6.956004756242568
2.931034482758621 -0.5172413793103443 8.858501783590965
3.275862068965518 -0.5172413793103443 10.998810939357911
3.6206896551724146 -0.5172413793103443 13.376932223543406
3.9655172413793114 -0.5172413793103443 15.992865636147451
4.310344827586208 -0.5172413793103443 18.846611177170047
4.655172413793103 -0.5172413793103443 21.938168846611173
5.0 -0.5172413793103443 25.267538644470868

-5.0 -0.1724137931034484 25.029726516052317
-4.655172413793103 -0.1724137931034484 21.700356718192623
-4.310344827586206 -0.1724137931034484 18.608799048751482
-3.9655172413793105 -0.1724137931034484 15.755053507728896
-3.6206896551724137 -0.1724137931034484 13.139120095124852
-3.275862068965517 -0.1724137931034484 10.760998810939356
-2.9310344827586206 -0.1724137931034484 8.620689655172413
-2.586206896551724 -0.1724137931034484 6.718192627824019
-2.2413793103448274 -0.1724137931034484 5.053507728894172
-1.8965517241379306 -0.1724137931034484 3.626634958382876
-1.5517241379310343 -0.1724137931034484 2.43757431629013
-1.206896551724138 -0.1724137931034484 1.4863258026159334
-0.8620689655172411 -0.1724137931034484 0.7728894173602849
-0.5172413793103443 -0.1724137931034484 0.29726516052318613
-0.1724137931034484 -0.1724137931034484 0.05945303210463742
0.1724137931034484 -0.1724137931034484 0.05945303210463742
0.5172413793103452 -0.1724137931034484 0.2972651605231871
0.862068965517242 -0.1724137931034484 0.7728894173602865
1.2068965517241388 -0.1724137931034484 1.4863258026159356
1.5517241379310347 -0.1724137931034484 2.4375743162901315
1.8965517241379315 -0.1724137931034484 3.6266349583828794
2.2413793103448283 -0.1724137931034484 5.053507728894177
2.586206896551724 -0.1724137931034484 6.718192627824019
2.931034482758621 -0.1724137931034484 8.620689655172416
3.275862068965518 -0.1724137931034484 10.760998810939363
3.6206896551724146 -0.1724137931034484 13.139120095124857
3.9655172413793114 -0.1724137931034484 15.755053507728903
4.310344827586208 -0.1724137931034484 18.608799048751496
4.655172413793103 -0.1724137931034484 21.700356718192623
5.0 -0.1724137931034484 25.029726516052317

-5.0 0.1724137931034484 25.029726516052317
-4.655172413793103 0.1724137931034484 21.700356718192623
-4.310344827586206 0.1724137931034484 18.608799048751482
-3.9655172413793105 0.1724137931034484 15.755053507728896
-3.6206896551724137 0.1724137931034484 13.139120095124852
-3.275862068965517 0.1724137931034484 10.760998810939356
-2.9310344827586206 0.1724137931034484 8.620689655172413
-2.586206896551724 0.1724137931034484 6.718192627824019
-2.2413793103448274 0.1724137931034484 5.053507728894172
-1.8965517241379306 0.1724137931034484 3.626634958382876
-1.5517241379310343 0.1724137931034484 2.43757431629013
-1.206896551724138 0.1724137931034484 1.4863258026159334
-0.8620689655172411 0.1724137931034484 0.7728894173602849
-0.5172413793103443 0.1724137931034484 0.29726516052318613
-0.1724137931034484 0.1724137931034484 0.05945303210463742
0.1724137931034484 0.1724137931034484 0.05945303210463742
0.5172413793103452 0.1724137931034484 0.2972651605231871
0.862068965517242 0.1724137931034484 0.7728894173602865
1.2068965517241388 0.1724137931034484 1.4863258026159356
1.5517241379310347 0.1724137931034484 2.4375743162901315
1.8965517241379315 0.1724137931034484 3.6266349583828794
2.2413793103448283 0.1724137931034484 5.053507728894177
2.586206896551724 0.1724137931034484 6.718192627824019
2.931034482758621 0.1724137931034484 8.620689655172416
3.275862068965518 0.1724137931034484 10.760998810939363
3.6206896551724146 0.1724137931034484 13.139120095124857
3.9655172413793114 0.1724137931034484 15.755053507728903
4.310344827586208 0.1724137931034484 18.608799048751496
4.655172413793103 0.1724137931034484 21.700356718192623
5.0 0.1724137931034484 25.029726516052317

-5.0 0.5172413793103452 25.267538644470868
-4.655172413793103 0.5172413793103452 21.938168846611173
-4.310344827586206 0.5172413793103452 18.846611177170033
-3.9655172413793105 0.5172413793103452 15.992865636147444
-3.6206896551724137 0.5172413793103452 13.3769322235434
-3.275862068965517 0.5172413793103452 10.998810939357904
-2.9310344827586206 0.5172413793103452 8.858501783590961
-2.586206896551724 0.5172413793103452 6.956004756242569
-2.2413793103448274 0.5172413793103452 5.291319857312723
-1.8965517241379306 0.5172413793103452 3.8644470868014253
-1.5517241379310343 0.5172413793103452 2.6753864447086797
-1.206896551724138 0.5172413793103452 1.724137931034483
-0.8620689655172411 0.5172413793103452 1.0107015457788346
-0.5172413793103443 0.5172413793103452 0.5350772889417359
-0.1724137931034484 0.5172413793103452 0.2972651605231871
0.1724137931034484 0.5172413793103452 0.2972651605231871
0.5172413793103452 0.5172413793103452 0.5350772889417368
0.862068965517242 0.5172413793103452 1.0107015457788362
1.2068965517241388 0.5172413793103452 1.7241379310344853
1.5517241379310347 0.5172413793103452 2.675386444708681
1.8965517241379315 0.5172413793103452 3.864447086801429
2.2413793103448283 0.5172413793103452 5.291319857312727
2.586206896551724 0.5172413793103452 6.956004756242569
2.931034482758621 0.5172413793103452 8.858501783590965
3.275862068965518 0.5172413793103452 10.998810939357911
3.6206896551724146 0.5172413793103452 13.376932223543406
3.9655172413793114 0.5172413793103452 15.992865636147451
4.310344827586208 0.5172413793103452 18.846611177170047
4.655172413793103 0.5172413793103452 21.938168846611173
5.0 0.5172413793103452 25.267538644470868

-5.0 0.862068965517242 25.74316290130797
-4.655172413793103 0.862068965517242 22.413793103448274
-4.310344827586206 0.862068965517242 19.322235434007133
-3.9655172413793105 0.862068965517242 16.468489892984543
-3.6206896551724137 0.862068965517242 13.852556480380501
-3.275862068965517 0.862068965517242 11.474435196195005
-2.9310344827586206 0.862068965517242 9.334126040428062
-2.586206896551724 0.862068965517242 7.431629013079668
-2.2413793103448274 0.862068965517242 5.766944114149822
-1.8965517241379306 0.862068965517242 4.340071343638525
-1.5517241379310343 0.862068965517242 3.151010701545779
-1.206896551724138 0.862068965517242 2.1997621878715825
-0.8620689655172411 0.862068965517242 1.486325802615934
-0.5172413793103443 0.862068965517242 1.0107015457788353
-0.1724137931034484 0.862068965517242 0.7728894173602865
0.1724137931034484 0.862068965517242 0.7728894173602865
0.5172413793103452 0.862068965517242 1.0107015457788362
0.862068965517242 0.862068965517242 1.4863258026159356
1.2068965517241388 0.862068965517242 2.1997621878715847
1.5517241379310347 0.862068965517242 3.1510107015457804
1.8965517241379315 0.862068965517242 4.340071343638528
2.2413793103448283 0.862068965517242 5.766944114149826
2.586206896551724 0.862068965517242 7.431629013079668
2.931034482758621 0.862068965517242 9.334126040428066
3.275862068965518 0.862068965517242 11.474435196195012
3.6206896551724146 0.862068965517242 13.852556480380507
3.9655172413793114 0.862068965517242 16.46848989298455
4.310344827586208 0.862068965517242 19.322235434007148
4.655172413793103 0.862068965517242 22.413793103448274
5.0 0.862068965517242 25.74316290130797

-5.0 1.2068965517241388 26.456599286563616
-4.655172413793103 1.2068965517241388 23.12722948870392
-4.310344827586206 1.2068965517241388 20.03567181926278
-3.9655172413793105 1.2068965517241388 17.181926278240194
-3.6206896551724137 1.2068965517241388 14.565992865636149
-3.275862068965517 1.2068965517241388 12.187871581450652
-2.9310344827586206 1.2068965517241388 10.04756242568371
-2.586206896551724 1.2068965517241388 8.145065398335317
-2.2413793103448274 1.2068965517241388 6.480380499405471
-1.8965517241379306 1.2068965517241388 5.053507728894174
-1.5517241379310343 1.2068965517241388 3.8644470868014285
-1.206896551724138 1.2068965517241388 2.9131985731272314
-0.8620689655172411 1.2068965517241388 2.199762187871583
-0.5172413793103443 1.2068965517241388 1.7241379310344842
-0.1724137931034484 1.2068965517241388 1.4863258026159356
0.1724137931034484 1.2068965517241388 1.4863258026159356
0.5172413793103452 1.2068965517241388 1.7241379310344853
0.862068965517242 1.2068965517241388 2.1997621878715847
1.2068965517241388 1.2068965517241388 2.9131985731272336
1.5517241379310347 1.2068965517241388 3.8644470868014293
1.8965517241379315 1.2068965517241388 5.053507728894178
2.2413793103448283 1.2068965517241388 6.4803804994054754
2.586206896551724 1.2068965517241388 8.145065398335317
2.931034482758621 1.2068965517241388 10.047562425683713
3.275862068965518 1.2068965517241388 12.18787158145066
3.6206896551724146 1.2068965517241388 14.565992865636154
3.9655172413793114 1.2068965517241388 17.1819262782402
4.310344827586208 1.2068965517241388 20.035671819262795
4.655172413793103 1.2068965517241388 23.12722948870392
5.0 1.2068965517241388 26.456599286563616

-5.0 1.5517241379310347 27.407847800237814
-4.655172413793103 1.5517241379310347 24.07847800237812
-4.310344827586206 1.5517241379310347 20.98692033293698
-3.9655172413793105 1.5517241379310347 18.13317479191439
-3.6206896551724137 1.5517241379310347 15.517241379310345
-3.275862068965517 1.5517241379310347 13.139120095124849
-2.9310344827586206 1.5517241379310347 10.998810939357906
-2.586206896551724 1.5517241379310347 9.096313912009514
-2.2413793103448274 1.5517241379310347 7.431629013079666
-1.8965517241379306 1.5517241379310347 6.004756242568369
-1.5517241379310343 1.5517241379310347 4.815695600475625
-1.206896551724138 1.5517241379310347 3.8644470868014276
-0.8620689655172411 1.5517241379310347 3.151010701545779
-0.5172413793103443 1.5517241379310347 2.67538644470868
-0.1724137931034484 1.5517241379310347 2.4375743162901315
0.1724137931034484 1.5517241379310347 2.4375743162901315
0.5172413793103452 1.5517241379310347 2.675386444708681
0.862068965517242 1.5517241379310347 3.1510107015457804
1.2068965517241388 1.5517241379310347 3.8644470868014293
1.5517241379310347 1.5517241379310347 4.8156956004756255
1.8965517241379315 1.5517241379310347 6.004756242568373
2.2413793103448283 1.5517241379310347 7.431629013079672
2.586206896551724 1.5517241379310347 9.096313912009514
2.931034482758621 1.5517241379310347 10.99881093935791
3.275862068965518 1.5517241379310347 13.139120095124856
3.6206896551724146 1.5517241379310347 15.51724137931035
3.9655172413793114 1.5517241379310347 18.133174791914396
4.310344827586208 1.5517241379310347 20.986920332936993
4.655172413793103 1.5517241379310347 24.07847800237812
5.0 1.5517241379310347 27.407847800237814

-5.0 1.8965517241379315 28.59690844233056
-4.655172413793103 1.8965517241379315 25.267538644470868
-4.310344827586206 1.8965517241379315 22.175980975029724
-3.9655172413793105 1.8965517241379315 19.322235434007137
-3.6206896551724137 1.8965517241379315 16.706302021403094
-3.275862068965517 1.8965517241379315 14.328180737217597
-2.9310344827586206 1.8965517241379315 12.187871581450654
-2.586206896551724 1.8965517241379315 10.285374554102262
-2.2413793103448274 1.8965517241379315 8.620689655172415
-1.8965517241379306 1.8965517241379315 7.193816884661118
-1.5517241379310343 1.8965517241379315 6.004756242568372
-1.206896551724138 1.8965517241379315 5.053507728894175
-0.8620689655172411 1.8965517241379315 4.3400713436385265
-0.5172413793103443 1.8965517241379315 3.864447086801428
-0.1724137931034484 1.8965517241379315 3.6266349583828794
0.1724137931034484 1.8965517241379315 3.6266349583828794
0.5172413793103452 1.8965517241379315 3.864447086801429
0.862068965517242 1.8965517241379315 4.340071343638528
1.2068965517241388 1.8965517241379315 5.053507728894178
1.5517241379310347 1.8965517241379315 6.004756242568373
1.8965517241379315 1.8965517241379315 7.193816884661121
2.2413793103448283 1.8965517241379315 8.62068965517242
2.586206896551724 1.8965517241379315 10.285374554102262
2.931034482758621 1.8965517241379315 12.187871581450658
3.275862068965518 1.8965517241379315 14.328180737217604
3.6206896551724146 1.8965517241379315 16.706302021403097
3.9655172413793114 1.8965517241379315 19.322235434007144
4.310344827586208 1.8965517241379315 22.175980975029738
4.655172413793103 1.8965517241379315 25.267538644470868
5.0 1.8965517241379315 28.59690844233056

-5.0 2.2413793103448283 30.023781212841858
-4.655172413793103 2.2413793103448283 26.694411414982163
-4.310344827586206 2.2413793103448283 23.602853745541022
-3.9655172413793105 2.2413793103448283 20.749108204518436
-3.6206896551724137 2.2413793103448283 18.133174791914392
-3.275862068965517 2.2413793103448283 15.755053507728896
-2.9310344827586206 2.2413793103448283 13.614744351961953
-2.586206896551724 2.2413793103448283 11.712247324613559
-2.2413793103448274 2.2413793103448283 10.047562425683711
-1.8965517241379306 2.2413793103448283 8.620689655172416
-1.5517241379310343 2.2413793103448283 7.43162901307967
-1.206896551724138 2.2413793103448283 6.480380499405473
-0.8620689655172411 2.2413793103448283 5.766944114149824
-0.5172413793103443 2.2413793103448283 5.291319857312726
-0.1724137931034484 2.2413793103448283 5.053507728894177
0.1724137931034484 2.2413793103448283 5.053507728894177
0.5172413793103452 2.2413793103448283 5.291319857312727
0.862068965517242 2.2413793103448283 5.766944114149826
1.2068965517241388 2.2413793103448283 6.4803804994054754
1.5517241379310347 2.2413793103448283 7.431629013079672
1.8965517241379315 2.2413793103448283 8.62068965517242
2.2413793103448283 2.2413793103448283 10.047562425683717
2.586206896551724 2.2413793103448283 11.712247324613559
2.931034482758621 2.2413793103448283 13.614744351961956
3.275862068965518 2.2413793103448283 15.755053507728903
3.6206896551724146 2.2413793103448283 18.133174791914396
3.9655172413793114 2.2413793103448283 20.749108204518443
4.310344827586208 2.2413793103448283 23.602853745541037
4.655172413793103 2.2413793103448283 26.694411414982163
5.0 2.2413793103448283 30.023781212841858

-5.0 2.586206896551724 31.6884661117717
-4.655172413793103 2.586206896551724 28.359096313912005
-4.310344827586206 2.586206896551724 25.267538644470864
-3.9655172413793105 2.586206896551724 22.413793103448278
-3.6206896551724137 2.586206896551724 19.797859690844234
-3.275862068965517 2.586206896551724 17.419738406658738
-2.9310344827586206 2.586206896551724 15.279429250891795
-2.586206896551724 2.586206896551724 13.3769322235434
-2.2413793103448274 2.586206896551724 11.712247324613553
-1.8965517241379306 2.586206896551724 10.285374554102258
-1.5517241379310343 2.586206896551724 9.096313912009512
-1.206896551724138 2.586206896551724 8.145065398335316
-0.8620689655172411 2.586206896551724 7.431629013079666
-0.5172413793103443 2.586206896551724 6.956004756242568
-0.1724137931034484 2.586206896551724 6.718192627824019
0.1724137931034484 2.586206896551724 6.718192627824019
0.5172413793103452 2.586206896551724 6.956004756242569
0.862068965517242 2.586206896551724 7.431629013079668
1.2068965517241388 2.586206896551724 8.145065398335317
1.5517241379310347 2.586206896551724 9.096313912009514
1.8965517241379315 2.586206896551724 10.285374554102262
2.2413793103448283 2.586206896551724 11.712247324613559
2.586206896551724 2.586206896551724 13.3769322235434
2.931034482758621 2.586206896551724 15.279429250891798
3.275862068965518 2.586206896551724 17.419738406658745
3.6206896551724146 2.586206896551724 19.797859690844238
3.9655172413793114 2.586206896551724 22.413793103448285
4.310344827586208 2.586206896551724 25.26753864447088
4.655172413793103 2.586206896551724 28.359096313912005
5.0 2.586206896551724 31.6884661117717

-5.0 2.931034482758621 33.5909631391201
-4.655172413793103 2.931034482758621 30.2615933412604
-4.310344827586206 2.931034482758621 27.170035671819264
-3.9655172413793105 2.931034482758621 24.316290130796673
-3.6206896551724137 2.931034482758621 21.70035671819263
-3.275862068965517 2.931034482758621 19.322235434007133
-2.9310344827586206 2.931034482758621 17.18192627824019
-2.586206896551724 2.931034482758621 15.279429250891798
-2.2413793103448274 2.931034482758621 13.614744351961951
-1.8965517241379306 2.931034482758621 12.187871581450654
-1.5517241379310343 2.931034482758621 10.99881093935791
-1.206896551724138 2.931034482758621 10.047562425683711
-0.8620689655172411 2.931034482758621 9.334126040428064
-0.5172413793103443 2.931034482758621 8.858501783590965
-0.1724137931034484 2.931034482758621 8.620689655172416
0.1724137931034484 2.931034482758621 8.620689655172416
0.5172413793103452 2.931034482758621 8.858501783590965
0.862068965517242 2.931034482758621 9.334126040428066
1.2068965517241388 2.931034482758621 10.047562425683713
1.5517241379310347 2.931034482758621 10.99881093935791
1.8965517241379315 2.931034482758621 12.187871581450658
2.2413793103448283 2.931034482758621 13.614744351961956
2.586206896551724 2.931034482758621 15.279429250891798
2.931034482758621 2.931034482758621 17.181926278240194
3.275862068965518 2.931034482758621 19.32223543400714
3.6206896551724146 2.931034482758621 21.700356718192637
3.9655172413793114 2.931034482758621 24.31629013079668
4.310344827586208 2.931034482758621 27.170035671819278
4.655172413793103 2.931034482758621 30.2615933412604
5.0 2.931034482758621 33.5909631391201

-5.0 3.275862068965518 35.73127229488704
-4.655172413793103 3.275862068965518 32.40190249702735
-4.310344827586206 3.275862068965518 29.310344827586206
-3.9655172413793105 3.275862068965518 26.45659928656362
-3.6206896551724137 3.275862068965518 23.840665873959576
-3.275862068965517 3.275862068965518 21.46254458977408
-2.9310344827586206 3.275862068965518 19.322235434007137
-2.586206896551724 3.275862068965518 17.419738406658745
-2.2413793103448274 3.275862068965518 15.755053507728897
-1.8965517241379306 3.275862068965518 14.3281807372176
-1.5517241379310343 3.275862068965518 13.139120095124856
-1.206896551724138 3.275862068965518 12.187871581450658
-0.8620689655172411 3.275862068965518 11.47443519619501
-0.5172413793103443 3.275862068965518 10.998810939357911
-0.1724137931034484 3.275862068965518 10.760998810939363
0.1724137931034484 3.275862068965518 10.760998810939363
0.5172413793103452 3.275862068965518 10.998810939357911
0.862068965517242 3.275862068965518 11.474435196195012
1.2068965517241388 3.275862068965518 12.18787158145066
1.5517241379310347 3.275862068965518 13.139120095124856
1.8965517241379315 3.275862068965518 14.328180737217604
2.2413793103448283 3.275862068965518 15.755053507728903
2.586206896551724 3.275862068965518 17.419738406658745
2.931034482758621 3.275862068965518 19.32223543400714
3.275862068965518 3.275862068965518 21.462544589774087
3.6206896551724146 3.275862068965518 23.84066587395958
3.9655172413793114 3.275862068965518 26.456599286563627
4.310344827586208 3.275862068965518 29.31034482758622
4.655172413793103 3.275862068965518 32.40190249702735
5.0 3.275862068965518 35.73127229488704

-5.0 3.6206896551724146 38.10939357907254
-4.655172413793103 3.6206896551724146 34.78002378121285
-4.310344827586206 3.6206896551724146 31.688466111771703
-3.9655172413793105 3.6206896551724146 28.834720570749113
-3.6206896551724137 3.6206896551724146 26.21878715814507
-3.275862068965517 3.6206896551724146 23.840665873959573
-2.9310344827586206 3.6206896551724146 21.70035671819263
-2.586206896551724 3.6206896551724146 19.797859690844238
-2.2413793103448274 3.6206896551724146 18.133174791914392
-1.8965517241379306 3.6206896551724146 16.706302021403097
-1.5517241379310343 3.6206896551724146 15.517241379310349
-1.206896551724138 3.6206896551724146 14.565992865636153
-0.8620689655172411 3.6206896551724146 13.852556480380505
-0.5172413793103443 3.6206896551724146 13.376932223543406
-0.1724137931034484 3.6206896551724146 13.139120095124857
0.1724137931034484 3.6206896551724146 13.139120095124857
0.5172413793103452 3.6206896551724146 13.376932223543406
0.862068965517242 3.6206896551724146 13.852556480380507
1.2068965517241388 3.6206896551724146 14.565992865636154
1.5517241379310347 3.6206896551724146 15.51724137931035
1.8965517241379315 3.6206896551724146 16.706302021403097
2.2413793103448283 3.6206896551724146 18.133174791914396
2.586206896551724 3.6206896551724146 19.797859690844238
2.931034482758621 3.6206896551724146 21.700356718192637
3.275862068965518 3.6206896551724146 23.84066587395958
3.6206896551724146 3.6206896551724146 26.218787158145076
3.9655172413793114 3.6206896551724146 28.83472057074912
4.310344827586208 3.6206896551724146 31.688466111771717
4.655172413793103 3.6206896551724146 34.78002378121285
5.0 3.6206896551724146 38.10939357907254

-5.0 3.9655172413793114 40.72532699167658
-4.655172413793103 3.9655172413793114 37.39595719381689
-4.310344827586206 3.9655172413793114 34.30439952437575
-3.9655172413793105 3.9655172413793114 31.45065398335316
-3.6206896551724137 3.9655172413793114 28.834720570749116
-3.275862068965517 3.9655172413793114 26.45659928656362
-2.9310344827586206 3.9655172413793114 24.316290130796677
-2.586206896551724 3.9655172413793114 22.413793103448285
-2.2413793103448274 3.9655172413793114 20.749108204518436
-1.8965517241379306 3.9655172413793114 19.32223543400714
-1.5517241379310343 3.9655172413793114 18.133174791914396
-1.206896551724138 3.9655172413793114 17.181926278240198
-0.8620689655172411 3.9655172413793114 16.46848989298455
-0.5172413793103443 3.9655172413793114 15.992865636147451
-0.1724137931034484 3.9655172413793114 15.755053507728903
0.1724137931034484 3.9655172413793114 15.755053507728903
0.5172413793103452 3.9655172413793114 15.992865636147451
0.862068965517242 3.9655172413793114 16.46848989298455
1.2068965517241388 3.9655172413793114 17.1819262782402
1.5517241379310347 3.9655172413793114 18.133174791914396
1.8965517241379315 3.9655172413793114 19.322235434007144
2.2413793103448283 3.9655172413793114 20.749108204518443
2.586206896551724 3.9655172413793114 22.413793103448285
2.931034482758621 3.9655172413793114 24.31629013079668
3.275862068965518 3.9655172413793114 26.456599286563627
3.6206896551724146 3.9655172413793114 28.83472057074912
3.9655172413793114 3.9655172413793114 31.450653983353167
4.310344827586208 3.9655172413793114 34.30439952437576
4.655172413793103 3.9655172413793114 37.39595719381689
5.0 3.9655172413793114 40.72532699167658

-5.0 4.310344827586208 43.57907253269918
-4.655172413793103 4.310344827586208 40.24970273483949
-4.310344827586206 4.310344827586208 37.158145065398344
-3.9655172413793105 4.310344827586208 34.304399524375754
-3.6206896551724137 4.310344827586208 31.68846611177171
-3.275862068965517 4.310344827586208 29.310344827586214
-2.9310344827586206 4.310344827586208 27.17003567181927
-2.586206896551724 4.310344827586208 25.26753864447088
-2.2413793103448274 4.310344827586208 23.602853745541033
-1.8965517241379306 4.310344827586208 22.175980975029738
-1.5517241379310343 4.310344827586208 20.98692033293699
-1.206896551724138 4.310344827586208 20.035671819262795
-0.8620689655172411 4.310344827586208 19.322235434007144
-0.5172413793103443 4.310344827586208 18.846611177170047
-0.1724137931034484 4.310344827586208 18.608799048751496
0.1724137931034484 4.310344827586208 18.608799048751496
0.5172413793103452 4.310344827586208 18.846611177170047
0.862068965517242 4.310344827586208 19.322235434007148
1.2068965517241388 4.310344827586208 20.035671819262795
1.5517241379310347 4.310344827586208 20.986920332936993
1.8965517241379315 4.310344827586208 22.175980975029738
2.2413793103448283 4.310344827586208 23.602853745541037
2.586206896551724 4.310344827586208 25.26753864447088
2.931034482758621 4.310344827586208 27.170035671819278
3.275862068965518 4.310344827586208 29.31034482758622
3.6206896551724146 4.310344827586208 31.688466111771717
3.9655172413793114 4.310344827586208 34.30439952437576
4.310344827586208 4.310344827586208 37.15814506539836
4.655172413793103 4.310344827586208 40.24970273483949
5.0 4.310344827586208 43.57907253269918

-5.0 4.655172413793103 46.6706302021403
-4.655172413793103 4.655172413793103 43.34126040428061
-4.310344827586206 4.655172413793103 40.249702734839474
-3.9655172413793105 4.655172413793103 37.39595719381688
-3.6206896551724137 4.655172413793103 34.78002378121284
-3.275862068965517 4.655172413793103 32.40190249702734
-2.9310344827586206 4.655172413793103 30.2615933412604
-2.586206896551724 4.655172413793103 28.359096313912005
-2.2413793103448274 4.655172413793103 26.69441141498216
-1.8965517241379306 4.655172413793103 25.26753864447086
-1.5517241379310343 4.655172413793103 24.078478002378116
-1.206896551724138 4.655172413793103 23.12722948870392
-0.8620689655172411 4.655172413793103 22.41379310344827
-0.5172413793103443 4.655172413793103 21.938168846611173
-0.1724137931034484 4.655172413793103 21.700356718192623
0.1724137931034484 4.655172413793103 21.700356718192623
0.5172413793103452 4.655172413793103 21.938168846611173
0.862068965517242 4.655172413793103 22.413793103448274
1.2068965517241388 4.655172413793103 23.12722948870392
1.5517241379310347 4.655172413793103 24.07847800237812
1.8965517241379315 4.655172413793103 25.267538644470868
2.2413793103448283 4.655172413793103 26.694411414982163
2.586206896551724 4.655172413793103 28.359096313912005
2.931034482758621 4.655172413793103 30.2615933412604
3.275862068965518 4.655172413793103 32.40190249702735
3.6206896551724146 4.655172413793103 34.78002378121285
3.9655172413793114 4.655172413793103 37.39595719381689
4.310344827586208 4.655172413793103 40.24970273483949
4.655172413793103 4.655172413793103 43.34126040428061
5.0 4.655172413793103 46.6706302021403

-5.0 5.0 50.0
-4.655172413793103 5.0 46.6706302021403
-4.310344827586206 5.0 43.579072532699165
-3.9655172413793105 5.0 40.725326991676575
-3.6206896551724137 5.0 38.10939357907253
-3.275862068965517 5.0 35.731272294887034
-2.9310344827586206 5.0 33.59096313912009
-2.586206896551724 5.0 31.6884661117717
-2.2413793103448274 5.0 30.023781212841854
-1.8965517241379306 5.0 28.59690844233056
-1.5517241379310343 5.0 27.40784780023781
-1.206896551724138 5.0 26.456599286563616
-0.8620689655172411 5.0 25.743162901307965
-0.5172413793103443 5.0 25.267538644470868
-0.1724137931034484 5.0 25.029726516052317
0.1724137931034484 5.0 25.029726516052317
0.5172413793103452 5.0 25.267538644470868
0.862068965517242 5.0 25.74316290130797
1.2068965517241388 5.0 26.456599286563616
1.5517241379310347 5.0 27.407847800237814
1.8965517241379315 5.0 28.59690844233056
2.2413793103448283 5.0 30.023781212841858
2.586206896551724 5.0 31.6884661117717
2.931034482758621 5.0 33.5909631391201
3.275862068965518 5.0 35.73127229488704
3.6206896551724146 5.0 38.10939357907254
3.9655172413793114 5.0 40.72532699167658
4.310344827586208 5.0 43.57907253269918
4.655172413793103 5.0 46.6706302021403
5.0 5.0 50.0

